Grasp #	left finger	right finger	middle finger	palm	maxofleft	maxofright	maxofmiddle	maxofpalm
1	0.06375	0.53875	0.19	0.33	0.19	1.085	0.3825	1.255
2	0.13875	0.56125	0.214375	0.356833333	0.2525	0.94	0.5125	1.2225
3	0.0375	0.34125	0.381875	0.019666667	0.08	0.995	0.78	0.19
4	0.088125	0.526875	0.38875	0.401333333	0.205	1.0125	0.5275	1.26
5	0.585625	0.341875	0.363125	0.365	1.0525	0.92	0.7525	1.0975
6	0.17375	0.39	0.29375	0.440666667	0.4225	1.075	0.685	1.0925
7	0.485	0.2525	0.250625	0.520333333	0.9625	0.9775	0.675	1.09
8	0.4625	0.61375	0.4575	0.004833333	0.9575	0.9975	0.8425	0.03
9	0.265	0.62625	0.40125	0.005333333	0.9425	1.0025	0.7425	0.055
10	0.51125	0.634375	0.3975	0.001833333	1.0675	1.0075	0.77	0.0075
11	0.175	0.05	0.134375	0.562	0.255	0.1575	0.27	1.1175
12	0.036875	0.59	0.473125	0.015333333	0.06	1.04	0.7375	0.1275
13	0.029375	0.3175	0.135625	0.332833333	0.035	0.73	0.22	1.135
14	0.009375	0.08625	0.12625	0.011166667	0.0225	0.205	0.23	0.1125
15	0.004375	0.043125	0.015	0.001833333	0.0125	0.13	0.0425	0.005
16	0.09	0.00625	0.015625	0.0085	0.355	0.0125	0.03	0.085
17	0.001875	0.005	0.044375	0.002333333	0.0025	0.01	0.135	0.0075
18	0.393125	0.014375	0.21875	0.0005	0.8	0.0275	0.6175	0.0025
19	0.50875	0.0025	0.5525	0.001166667	1.0425	0.005	1.1425	0.0025
20	0.51125	0.0075	0.50375	0.002166667	1.06	0.02	1.0125	0.005
21	0.054375	0.728125	0.270625	0.529666667	0.13	1.13	0.495	1.14
22	0.615	0.531875	0.549375	0.372833333	1.18	1.05	1.1	1.0825
23	0.449375	0.509375	0.38375	0.425166667	0.8725	1.18	0.8175	1.09
24	0.48625	0.48625	0.23	0.4245	0.855	1.2425	0.7725	1.13
25	0.111875	0.47125	0.250625	0.402166667	0.3275	1.13	0.36	1.1375
26	0.661875	0.098125	0.24	0.383	0.98	0.2525	0.8	1.1
27	0.580625	0.195625	0.37125	0.563166667	0.92	0.405	0.94	1.1
28	0.310625	0.18	0.459375	0.005666667	0.87	0.715	1.0825	0.02
29	0.293125	0.040625	0.264375	0.002333333	0.825	0.1275	0.99	0.0075
30	0.0075	0.09	0.4825	0.0035	0.015	0.22	1.1	0.01
31	0.104375	0.415	0.165625	0.491666667	0.2925	1.2525	0.55	1.1225
32	0.115625	0.3025	0.509375	0.3965	0.3625	0.67	1.1	1.125
33	0.64125	0.123125	0.4825	0.424333333	1.2025	0.4225	1.1625	1.1475
34	0.13	0.308125	0.20625	0.465666667	0.285	1.2025	0.7725	1.1675
35	0.083125	0.400625	0.475	0.467833333	0.255	1.095	0.995	1.21
36	0.046875	0.33	0.321875	0.123166667	0.1625	1.1475	0.5125	0.96
37	0.0275	0.50875	0.239375	0.605166667	0.08	1.255	0.825	1.25
38	0.039375	0.045625	0.39625	0.002666667	0.0725	0.13	1.205	0.005
39	0.345	0.495	0.3875	0.001666667	0.865	1.0725	1.12	0.005
40	0.035	0.045625	0.43	0.001833333	0.1025	0.125	1.1125	0.01
41	0.165625	0.4625	0.304375	0.411166667	0.2475	1.24	0.8625	1.2425
42	0.025625	0.314375	0.36625	0.3615	0.06	1.175	0.8675	1.1075
43	0.01125	0.07875	0.335625	0.409333333	0.025	0.1975	0.855	1.115
44	0.015625	0.03375	0.594375	0.3795	0.0275	0.05	1.23	1.0875
45	0.038125	0.09625	0.2875	0.5545	0.1025	0.165	0.855	1.125
46	0.01625	0.218125	0.28375	0.406	0.035	0.485	0.8125	1.11
47	0.008125	0.0525	0.310625	0.449333333	0.015	0.1475	0.865	1.1
48	0.424375	0.295	0.548125	0.002666667	0.7625	1.05	1.1025	0.0075
49	0.241875	0.2125	0.546875	0.001333333	0.75	0.6625	1.135	0.005
50	0.06	0.066875	0.740625	0.002166667	0.1375	0.1	1.145	0.0075
51	0.025	0.35625	0.380625	0.443	0.0775	0.9775	0.92	1.1425
52	0.72625	0.034375	0.54	0.388166667	1.245	0.08	1.0875	1.12
53	0.064375	0.33375	0.4125	0.03	0.1625	1.155	0.8425	0.265
54	0.04875	0.134375	0.39125	0.464333333	0.125	0.355	0.8625	1.165
55	0.059375	0.30625	0.404375	0.033	0.2075	1.0875	1.1525	0.355
56	0.0675	0.698125	0.355	0.431666667	0.165	1.26	0.8575	1.115
57	0.061875	0.6875	0.355625	0.545166667	0.16	1.2275	0.775	1.25
58	0.299375	0.373125	0.33875	0.004833333	0.9975	0.9575	1.06	0.025
59	0.4	0.46375	0.37625	0.0025	0.8875	1.1575	1.0775	0.0075
60	0.236875	0.31125	0.004375	0.000833333	0.82	0.84	0.01	0.00
61	0.05625	0.126875	0.016875	0.014333333	0.1525	0.4475	0.045	0.125
62	0.215625	0.085625	0.013125	0.005	0.84	0.2925	0.025	0.03
63	0.271875	0.245625	0.0625	0.115166667	0.8075	0.545	0.19	0.8725
64	0.21875	0.08875	0.13125	0.025833333	0.805	0.305	0.4375	0.17
65	0.208125	0.050625	0.17375	0.002833333	0.7475	0.18	0.605	0.02
66	0.306875	0.32125	0.259375	0.009666667	0.7925	1.1575	0.8425	0.0525
67	0.345625	0.030625	0.091875	0.1285	0.89	0.07	0.24	0.5775
68	0.32375	0.353125	0.21375	0.0035	0.9225	0.9975	0.7575	0.0125
69	0.545625	0.438125	0.36375	0.002333333	1.06	0.8725	0.7175	0.005
70	0.43625	0.763125	0.509375	0.0015	1.075	1.0725	0.775	0.0025
71	0.2075	0.480625	0.494375	0.036666667	0.7	1.1875	0.9225	0.3525
72	0.5325	0.20625	0.249375	0.072833333	0.865	0.475	0.63	0.385
73	0.29375	0.548125	0.02375	0.078833333	0.84	1.015	0.0425	0.3525
74	0.471875	0.37875	0.0275	0.0835	0.9575	0.87	0.0475	0.4175
75	0.454375	0.755625	0.02375	0.107666667	0.905	1.115	0.0475	0.8125
76	0.433125	0.20625	0.080625	0.050166667	0.84	0.53	0.1975	0.3075
77	0.4075	0.53375	0.004375	0.082833333	0.805	0.84	0.0075	0.655
78	0.225	0.639375	0.0075	0.045333333	0.8025	0.865	0.02	0.3275
79	0.2825	0.50125	0.253125	0.003166667	0.98	0.8725	0.8325	0.0125
80	0.235625	0.563125	0.33	0.0015	0.8325	0.865	0.7625	0.0025
81	0.02875	0.578125	0.66625	0.001666667	0.09	0.87	0.9475	0.005
82	0.2925	0.069375	0.21125	0.125666667	0.8625	0.1425	0.795	0.8275
83	0.41125	0.1175	0.2575	0.104	0.81	0.395	0.6825	0.6425
84	0.360625	0.0375	0.275	0.120666667	0.9125	0.0975	0.885	0.83
85	0.304375	0.315	0.015	0.008666667	0.825	0.89	0.0325	0.0775
86	0.204375	0.06	0.145	0.097833333	0.7375	0.2	0.39	0.6775
87	0.206875	0.126875	0.074375	0.007666667	0.7525	0.29	0.185	0.0675
88	0.284375	0.1	0.011875	0.028333333	0.8	0.36	0.02	0.145
89	0.23375	0.12375	0.105625	0.096666667	0.79	0.3775	0.3725	0.5575
90	0.375	0.459375	0.415625	0.002166667	0.8925	0.89	1.025	0.005
